7.00 34.00
10.80 34.20
19.03 42.82
20.50 41.83
24.00 41.25
19.93 45.07
14.17 49.83
24.00 49.00
28.02 45.20
26.50 52.00
26.50 63.00
26.45 58.00
17.50 58.00
31.00 63.38
31.00 68.50
41.00 63.13
41.00 71.50
46.50 62.50
47.03 56.68
46.85 52.59
42.50 51.75
42.50 48.00
34.00 51.88
34.00 47.17
48.50 51.33
48.00 46.50
48.00 25.25
53.00 51.33
53.50 48.50
57.00 51.33
57.00 48.25
63.50 51.50
66.00 53.00
67.00 52.92
67.00 48.25
71.00 52.92
71.00 48.25
74.50 54.00
74.63 60.50
73.50 61.21
73.50 67.00
67.50 61.64
67.50 67.00
58.00 61.50
58.00 69.90
54.50 61.50
52.50 57.50
48.50 63.83
48.50 68.17
51.90 62.90
78.50 63.00
87.93 64.07
89.50 60.50
89.17 52.50
78.50 52.00
76.50 52.50
76.50 48.00
87.00 52.50
87.00 44.08
93.59 75.95
95.50 87.50
99.50 92.50
99.50 95.50